G3dErrFileVersion 2018P3.1
FlagFileMetaData Begin
   Mesh Size - Setup1, Refinement, Pass #1, Freq. 1.710000e+09 :Title    
   Listing of mesh elements with small segments. :ToolTip  
   hf3d :Author   
   1738525653 :TimeStamp
FlagFileMetaData End
BEGIN_ERR 
26 Small mesh segment detected on body : Box4
 Small mesh segment detected on body : Box4 
 Segment Statistics - Number of Segments : 1 --- Segment length(s) : 30.000000mm. The cutoff frequency for S-Matrix Only Solve is 999.308193333333kHz 
3 -1  8  10  # nfids, fids[]
2 6  -1  # nbids, bids[]
      4 2 1 0 #ntets ntri ned npts
           0.0000000000000000e+00   4.9999999999998601e-01   2.5000000000000000e+01 #xyz tv0
           1.6009239479899406e+01   1.5499999999999993e+01   0.0000000000000000e+00 #xyz tv1
           0.0000000000000000e+00   3.0500000000000000e+01   0.0000000000000000e+00 #xyz tv2
           0.0000000000000000e+00   4.9999999999998601e-01   0.0000000000000000e+00 -1 6 #xyz tv3 fid bid
          -1.5000000000000000e+01   3.2000000000000000e+01   9.0602874755859375e+00 #xyz tv0
           0.0000000000000000e+00   4.9999999999998601e-01   2.5000000000000000e+01 #xyz tv1
           0.0000000000000000e+00   3.0500000000000000e+01   0.0000000000000000e+00 #xyz tv2
           0.0000000000000000e+00   4.9999999999998601e-01   0.0000000000000000e+00 -1 6 #xyz tv3 fid bid
          -1.5000000000000000e+01   3.2000000000000000e+01   9.0602874755859375e+00 #xyz tv0
          -1.5000000000000000e+01  -1.0000000000000178e+00  -2.5000000000000000e+01 #xyz tv1
           0.0000000000000000e+00   4.9999999999998601e-01   0.0000000000000000e+00 #xyz tv2
           0.0000000000000000e+00   3.0500000000000000e+01   0.0000000000000000e+00 -1 6 #xyz tv3 fid bid
          -1.5000000000000000e+01  -1.0000000000000178e+00  -2.5000000000000000e+01 #xyz tv0
           0.0000000000000000e+00   3.0500000000000000e+01   0.0000000000000000e+00 #xyz tv1
           1.6009239479899406e+01   1.5499999999999993e+01   0.0000000000000000e+00 #xyz tv2
           0.0000000000000000e+00   4.9999999999998601e-01   0.0000000000000000e+00 -1 6 #xyz tv3 fid bid
           1.6009239479899406e+01   1.5499999999999993e+01   0.0000000000000000e+00 #xyz tv0
           0.0000000000000000e+00   4.9999999999998601e-01   0.0000000000000000e+00 #xyz tv1
           0.0000000000000000e+00   3.0500000000000000e+01   0.0000000000000000e+00 8 -1 #xyz tv2 fid bid
           0.0000000000000000e+00   4.9999999999998601e-01   2.5000000000000000e+01 #xyz tv0
           0.0000000000000000e+00   3.0500000000000000e+01   0.0000000000000000e+00 #xyz tv1
           0.0000000000000000e+00   4.9999999999998601e-01   0.0000000000000000e+00 10 -1 #xyz tv2 fid bid
           0.0000000000000000e+00   4.9999999999998601e-01   0.0000000000000000e+00 #xyz ev0
           0.0000000000000000e+00   3.0500000000000000e+01   0.0000000000000000e+00 -1 6 #xyz ev1 fid bid
   0   0.000000000000e+00   0.000000000000e+00   0.000000000000e+00 #flag location
END_ERR 
G3dErrFileVersion 2018P3.1
FlagFileMetaData Begin
   Mesh Size - Setup1, Refinement, Pass #2, Freq. 1.710000e+09 :Title    
   Listing of mesh elements with small segments. :ToolTip  
   hf3d :Author   
   1738525655 :TimeStamp
FlagFileMetaData End
BEGIN_ERR 
26 Small mesh segment detected on body : Box4
 Small mesh segment detected on body : Box4 
 Segment Statistics - Number of Segments : 1 --- Segment length(s) : 30.000000mm. The cutoff frequency for S-Matrix Only Solve is 999.308193333333kHz 
3 -1  8  10  # nfids, fids[]
2 6  -1  # nbids, bids[]
      5 2 1 0 #ntets ntri ned npts
           8.0046197399497032e+00   7.9999999999999893e+00   1.2500000000000000e+01 #xyz tv0
           0.0000000000000000e+00   4.9999999999998601e-01   0.0000000000000000e+00 #xyz tv1
           0.0000000000000000e+00   3.0500000000000000e+01   0.0000000000000000e+00 #xyz tv2
           0.0000000000000000e+00   4.9999999999998601e-01   2.5000000000000000e+01 -1 6 #xyz tv3 fid bid
          -1.5000000000000000e+01   3.2000000000000000e+01   9.0602874755859375e+00 #xyz tv0
           0.0000000000000000e+00   4.9999999999998601e-01   2.5000000000000000e+01 #xyz tv1
           0.0000000000000000e+00   3.0500000000000000e+01   0.0000000000000000e+00 #xyz tv2
           0.0000000000000000e+00   4.9999999999998601e-01   0.0000000000000000e+00 -1 6 #xyz tv3 fid bid
          -1.5000000000000000e+01   3.2000000000000000e+01   9.0602874755859375e+00 #xyz tv0
          -1.5000000000000000e+01  -1.0000000000000178e+00  -2.5000000000000000e+01 #xyz tv1
           0.0000000000000000e+00   4.9999999999998601e-01   0.0000000000000000e+00 #xyz tv2
           0.0000000000000000e+00   3.0500000000000000e+01   0.0000000000000000e+00 -1 6 #xyz tv3 fid bid
          -1.5000000000000000e+01  -1.0000000000000178e+00  -2.5000000000000000e+01 #xyz tv0
           0.0000000000000000e+00   3.0500000000000000e+01   0.0000000000000000e+00 #xyz tv1
           1.6009239479899406e+01   1.5499999999999993e+01   0.0000000000000000e+00 #xyz tv2
           0.0000000000000000e+00   4.9999999999998601e-01   0.0000000000000000e+00 -1 6 #xyz tv3 fid bid
           8.0046197399497032e+00   7.9999999999999893e+00   1.2500000000000000e+01 #xyz tv0
           0.0000000000000000e+00   3.0500000000000000e+01   0.0000000000000000e+00 #xyz tv1
           0.0000000000000000e+00   4.9999999999998601e-01   0.0000000000000000e+00 #xyz tv2
           1.6009239479899406e+01   1.5499999999999993e+01   0.0000000000000000e+00 -1 6 #xyz tv3 fid bid
           1.6009239479899406e+01   1.5499999999999993e+01   0.0000000000000000e+00 #xyz tv0
           0.0000000000000000e+00   4.9999999999998601e-01   0.0000000000000000e+00 #xyz tv1
           0.0000000000000000e+00   3.0500000000000000e+01   0.0000000000000000e+00 8 -1 #xyz tv2 fid bid
           0.0000000000000000e+00   4.9999999999998601e-01   2.5000000000000000e+01 #xyz tv0
           0.0000000000000000e+00   3.0500000000000000e+01   0.0000000000000000e+00 #xyz tv1
           0.0000000000000000e+00   4.9999999999998601e-01   0.0000000000000000e+00 10 -1 #xyz tv2 fid bid
           0.0000000000000000e+00   4.9999999999998601e-01   0.0000000000000000e+00 #xyz ev0
           0.0000000000000000e+00   3.0500000000000000e+01   0.0000000000000000e+00 -1 6 #xyz ev1 fid bid
   0   0.000000000000e+00   0.000000000000e+00   0.000000000000e+00 #flag location
END_ERR 
G3dErrFileVersion 2018P3.1
FlagFileMetaData Begin
   Mesh Size - Setup1, Refinement, Pass #3, Freq. 1.710000e+09 :Title    
   Listing of mesh elements with small segments. :ToolTip  
   hf3d :Author   
   1738525658 :TimeStamp
FlagFileMetaData End
BEGIN_ERR 
26 Small mesh segment detected on body : Box4
 Small mesh segment detected on body : Box4 
 Segment Statistics - Number of Segments : 1 --- Segment length(s) : 30.000000mm. The cutoff frequency for S-Matrix Only Solve is 999.308193333333kHz 
3 -1  8  10  # nfids, fids[]
2 6  -1  # nbids, bids[]
      5 2 1 0 #ntets ntri ned npts
           8.7528140161361083e+00   1.0626757789658594e+01   1.4289345096865063e+01 #xyz tv0
           0.0000000000000000e+00   4.9999999999998601e-01   0.0000000000000000e+00 #xyz tv1
           0.0000000000000000e+00   3.0500000000000000e+01   0.0000000000000000e+00 #xyz tv2
           0.0000000000000000e+00   4.9999999999998601e-01   2.5000000000000000e+01 -1 6 #xyz tv3 fid bid
          -1.5000000000000000e+01   3.2000000000000000e+01   9.0602874755859375e+00 #xyz tv0
           0.0000000000000000e+00   4.9999999999998601e-01   2.5000000000000000e+01 #xyz tv1
           0.0000000000000000e+00   3.0500000000000000e+01   0.0000000000000000e+00 #xyz tv2
           0.0000000000000000e+00   4.9999999999998601e-01   0.0000000000000000e+00 -1 6 #xyz tv3 fid bid
          -1.5000000000000000e+01   3.2000000000000000e+01   9.0602874755859375e+00 #xyz tv0
          -1.5000000000000000e+01  -1.0000000000000178e+00  -2.5000000000000000e+01 #xyz tv1
           0.0000000000000000e+00   4.9999999999998601e-01   0.0000000000000000e+00 #xyz tv2
           0.0000000000000000e+00   3.0500000000000000e+01   0.0000000000000000e+00 -1 6 #xyz tv3 fid bid
          -1.5000000000000000e+01  -1.0000000000000178e+00  -2.5000000000000000e+01 #xyz tv0
           0.0000000000000000e+00   3.0500000000000000e+01   0.0000000000000000e+00 #xyz tv1
           1.6009239479899406e+01   1.5499999999999993e+01   0.0000000000000000e+00 #xyz tv2
           0.0000000000000000e+00   4.9999999999998601e-01   0.0000000000000000e+00 -1 6 #xyz tv3 fid bid
           8.7528140161361083e+00   1.0626757789658594e+01   1.4289345096865063e+01 #xyz tv0
           0.0000000000000000e+00   3.0500000000000000e+01   0.0000000000000000e+00 #xyz tv1
           0.0000000000000000e+00   4.9999999999998601e-01   0.0000000000000000e+00 #xyz tv2
           1.6009239479899406e+01   1.5499999999999993e+01   0.0000000000000000e+00 -1 6 #xyz tv3 fid bid
           1.6009239479899406e+01   1.5499999999999993e+01   0.0000000000000000e+00 #xyz tv0
           0.0000000000000000e+00   4.9999999999998601e-01   0.0000000000000000e+00 #xyz tv1
           0.0000000000000000e+00   3.0500000000000000e+01   0.0000000000000000e+00 8 -1 #xyz tv2 fid bid
           0.0000000000000000e+00   4.9999999999998601e-01   2.5000000000000000e+01 #xyz tv0
           0.0000000000000000e+00   3.0500000000000000e+01   0.0000000000000000e+00 #xyz tv1
           0.0000000000000000e+00   4.9999999999998601e-01   0.0000000000000000e+00 10 -1 #xyz tv2 fid bid
           0.0000000000000000e+00   4.9999999999998601e-01   0.0000000000000000e+00 #xyz ev0
           0.0000000000000000e+00   3.0500000000000000e+01   0.0000000000000000e+00 -1 6 #xyz ev1 fid bid
   0   0.000000000000e+00   0.000000000000e+00   0.000000000000e+00 #flag location
END_ERR 
G3dErrFileVersion 2018P3.1
FlagFileMetaData Begin
   Mesh Size - Setup1, Refinement, Pass #3, Freq. 7.500000e+08 :Title    
   Listing of mesh elements with small segments. :ToolTip  
   hf3d :Author   
   1738525976 :TimeStamp
FlagFileMetaData End
BEGIN_ERR 
26 Small mesh segment detected on body : Box4
 Small mesh segment detected on body : Box4 
 Segment Statistics - Number of Segments : 1 --- Segment length(s) : 30.000000mm. The cutoff frequency for S-Matrix Only Solve is 999.308193333333kHz 
3 -1  8  10  # nfids, fids[]
2 6  -1  # nbids, bids[]
      5 2 1 0 #ntets ntri ned npts
           8.7528140161361083e+00   1.0626757789658594e+01   1.4289345096865063e+01 #xyz tv0
           0.0000000000000000e+00   4.9999999999998601e-01   0.0000000000000000e+00 #xyz tv1
           0.0000000000000000e+00   3.0500000000000000e+01   0.0000000000000000e+00 #xyz tv2
           0.0000000000000000e+00   4.9999999999998601e-01   2.5000000000000000e+01 -1 6 #xyz tv3 fid bid
          -1.5000000000000000e+01   3.2000000000000000e+01   9.0602874755859375e+00 #xyz tv0
           0.0000000000000000e+00   4.9999999999998601e-01   2.5000000000000000e+01 #xyz tv1
           0.0000000000000000e+00   3.0500000000000000e+01   0.0000000000000000e+00 #xyz tv2
           0.0000000000000000e+00   4.9999999999998601e-01   0.0000000000000000e+00 -1 6 #xyz tv3 fid bid
          -1.5000000000000000e+01   3.2000000000000000e+01   9.0602874755859375e+00 #xyz tv0
          -1.5000000000000000e+01  -1.0000000000000178e+00  -2.5000000000000000e+01 #xyz tv1
           0.0000000000000000e+00   4.9999999999998601e-01   0.0000000000000000e+00 #xyz tv2
           0.0000000000000000e+00   3.0500000000000000e+01   0.0000000000000000e+00 -1 6 #xyz tv3 fid bid
          -1.5000000000000000e+01  -1.0000000000000178e+00  -2.5000000000000000e+01 #xyz tv0
           0.0000000000000000e+00   3.0500000000000000e+01   0.0000000000000000e+00 #xyz tv1
           1.6009239479899406e+01   1.5499999999999993e+01   0.0000000000000000e+00 #xyz tv2
           0.0000000000000000e+00   4.9999999999998601e-01   0.0000000000000000e+00 -1 6 #xyz tv3 fid bid
           8.7528140161361083e+00   1.0626757789658594e+01   1.4289345096865063e+01 #xyz tv0
           0.0000000000000000e+00   3.0500000000000000e+01   0.0000000000000000e+00 #xyz tv1
           0.0000000000000000e+00   4.9999999999998601e-01   0.0000000000000000e+00 #xyz tv2
           1.6009239479899406e+01   1.5499999999999993e+01   0.0000000000000000e+00 -1 6 #xyz tv3 fid bid
           1.6009239479899406e+01   1.5499999999999993e+01   0.0000000000000000e+00 #xyz tv0
           0.0000000000000000e+00   4.9999999999998601e-01   0.0000000000000000e+00 #xyz tv1
           0.0000000000000000e+00   3.0500000000000000e+01   0.0000000000000000e+00 8 -1 #xyz tv2 fid bid
           0.0000000000000000e+00   4.9999999999998601e-01   2.5000000000000000e+01 #xyz tv0
           0.0000000000000000e+00   3.0500000000000000e+01   0.0000000000000000e+00 #xyz tv1
           0.0000000000000000e+00   4.9999999999998601e-01   0.0000000000000000e+00 10 -1 #xyz tv2 fid bid
           0.0000000000000000e+00   4.9999999999998601e-01   0.0000000000000000e+00 #xyz ev0
           0.0000000000000000e+00   3.0500000000000000e+01   0.0000000000000000e+00 -1 6 #xyz ev1 fid bid
   0   0.000000000000e+00   0.000000000000e+00   0.000000000000e+00 #flag location
END_ERR 
G3dErrFileVersion 2018P3.1
FlagFileMetaData Begin
   Mesh Size - Setup1, Refinement, Pass #4, Freq. 7.500000e+08 :Title    
   Listing of mesh elements with small segments. :ToolTip  
   hf3d :Author   
   1738525979 :TimeStamp
FlagFileMetaData End
BEGIN_ERR 
26 Small mesh segment detected on body : Box4
 Small mesh segment detected on body : Box4 
 Segment Statistics - Number of Segments : 1 --- Segment length(s) : 30.000000mm. The cutoff frequency for S-Matrix Only Solve is 999.308193333333kHz 
3 -1  8  10  # nfids, fids[]
2 6  -1  # nbids, bids[]
      5 2 1 0 #ntets ntri ned npts
           8.7528140161361083e+00   1.0626757789658594e+01   1.4289345096865063e+01 #xyz tv0
           0.0000000000000000e+00   4.9999999999998601e-01   0.0000000000000000e+00 #xyz tv1
           0.0000000000000000e+00   3.0500000000000000e+01   0.0000000000000000e+00 #xyz tv2
           0.0000000000000000e+00   4.9999999999998601e-01   2.5000000000000000e+01 -1 6 #xyz tv3 fid bid
          -1.5000000000000000e+01   3.2000000000000000e+01   9.0602874755859375e+00 #xyz tv0
           0.0000000000000000e+00   4.9999999999998601e-01   2.5000000000000000e+01 #xyz tv1
           0.0000000000000000e+00   3.0500000000000000e+01   0.0000000000000000e+00 #xyz tv2
           0.0000000000000000e+00   4.9999999999998601e-01   0.0000000000000000e+00 -1 6 #xyz tv3 fid bid
          -1.5000000000000000e+01   3.2000000000000000e+01   9.0602874755859375e+00 #xyz tv0
          -1.5000000000000000e+01  -1.0000000000000178e+00  -2.5000000000000000e+01 #xyz tv1
           0.0000000000000000e+00   4.9999999999998601e-01   0.0000000000000000e+00 #xyz tv2
           0.0000000000000000e+00   3.0500000000000000e+01   0.0000000000000000e+00 -1 6 #xyz tv3 fid bid
          -1.5000000000000000e+01  -1.0000000000000178e+00  -2.5000000000000000e+01 #xyz tv0
           0.0000000000000000e+00   3.0500000000000000e+01   0.0000000000000000e+00 #xyz tv1
           1.6009239479899406e+01   1.5499999999999993e+01   0.0000000000000000e+00 #xyz tv2
           0.0000000000000000e+00   4.9999999999998601e-01   0.0000000000000000e+00 -1 6 #xyz tv3 fid bid
           8.7528140161361083e+00   1.0626757789658594e+01   1.4289345096865063e+01 #xyz tv0
           0.0000000000000000e+00   3.0500000000000000e+01   0.0000000000000000e+00 #xyz tv1
           0.0000000000000000e+00   4.9999999999998601e-01   0.0000000000000000e+00 #xyz tv2
           1.6009239479899406e+01   1.5499999999999993e+01   0.0000000000000000e+00 -1 6 #xyz tv3 fid bid
           1.6009239479899406e+01   1.5499999999999993e+01   0.0000000000000000e+00 #xyz tv0
           0.0000000000000000e+00   4.9999999999998601e-01   0.0000000000000000e+00 #xyz tv1
           0.0000000000000000e+00   3.0500000000000000e+01   0.0000000000000000e+00 8 -1 #xyz tv2 fid bid
           0.0000000000000000e+00   4.9999999999998601e-01   2.5000000000000000e+01 #xyz tv0
           0.0000000000000000e+00   3.0500000000000000e+01   0.0000000000000000e+00 #xyz tv1
           0.0000000000000000e+00   4.9999999999998601e-01   0.0000000000000000e+00 10 -1 #xyz tv2 fid bid
           0.0000000000000000e+00   4.9999999999998601e-01   0.0000000000000000e+00 #xyz ev0
           0.0000000000000000e+00   3.0500000000000000e+01   0.0000000000000000e+00 -1 6 #xyz ev1 fid bid
   0   0.000000000000e+00   0.000000000000e+00   0.000000000000e+00 #flag location
END_ERR 
G3dErrFileVersion 2018P3.1
FlagFileMetaData Begin
   Mesh Size - Setup1, Refinement, Pass #4, Freq. 1.710000e+09 :Title    
   Listing of mesh elements with small segments. :ToolTip  
   hf3d :Author   
   1738526731 :TimeStamp
FlagFileMetaData End
BEGIN_ERR 
26 Small mesh segment detected on body : Box4
 Small mesh segment detected on body : Box4 
 Segment Statistics - Number of Segments : 1 --- Segment length(s) : 30.000000mm. The cutoff frequency for S-Matrix Only Solve is 999.308193333333kHz 
3 -1  8  10  # nfids, fids[]
2 6  -1  # nbids, bids[]
      5 2 1 0 #ntets ntri ned npts
           8.7528140161361083e+00   1.0626757789658594e+01   1.4289345096865063e+01 #xyz tv0
           0.0000000000000000e+00   4.9999999999998601e-01   0.0000000000000000e+00 #xyz tv1
           0.0000000000000000e+00   3.0500000000000000e+01   0.0000000000000000e+00 #xyz tv2
           0.0000000000000000e+00   4.9999999999998601e-01   2.5000000000000000e+01 -1 6 #xyz tv3 fid bid
          -1.5000000000000000e+01   3.2000000000000000e+01   9.0602874755859375e+00 #xyz tv0
           0.0000000000000000e+00   4.9999999999998601e-01   2.5000000000000000e+01 #xyz tv1
           0.0000000000000000e+00   3.0500000000000000e+01   0.0000000000000000e+00 #xyz tv2
           0.0000000000000000e+00   4.9999999999998601e-01   0.0000000000000000e+00 -1 6 #xyz tv3 fid bid
          -1.5000000000000000e+01   3.2000000000000000e+01   9.0602874755859375e+00 #xyz tv0
          -1.5000000000000000e+01  -1.0000000000000178e+00  -2.5000000000000000e+01 #xyz tv1
           0.0000000000000000e+00   4.9999999999998601e-01   0.0000000000000000e+00 #xyz tv2
           0.0000000000000000e+00   3.0500000000000000e+01   0.0000000000000000e+00 -1 6 #xyz tv3 fid bid
          -1.5000000000000000e+01  -1.0000000000000178e+00  -2.5000000000000000e+01 #xyz tv0
           0.0000000000000000e+00   3.0500000000000000e+01   0.0000000000000000e+00 #xyz tv1
           1.6009239479899406e+01   1.5499999999999993e+01   0.0000000000000000e+00 #xyz tv2
           0.0000000000000000e+00   4.9999999999998601e-01   0.0000000000000000e+00 -1 6 #xyz tv3 fid bid
           8.7528140161361083e+00   1.0626757789658594e+01   1.4289345096865063e+01 #xyz tv0
           0.0000000000000000e+00   3.0500000000000000e+01   0.0000000000000000e+00 #xyz tv1
           0.0000000000000000e+00   4.9999999999998601e-01   0.0000000000000000e+00 #xyz tv2
           1.6009239479899406e+01   1.5499999999999993e+01   0.0000000000000000e+00 -1 6 #xyz tv3 fid bid
           1.6009239479899406e+01   1.5499999999999993e+01   0.0000000000000000e+00 #xyz tv0
           0.0000000000000000e+00   4.9999999999998601e-01   0.0000000000000000e+00 #xyz tv1
           0.0000000000000000e+00   3.0500000000000000e+01   0.0000000000000000e+00 8 -1 #xyz tv2 fid bid
           0.0000000000000000e+00   4.9999999999998601e-01   2.5000000000000000e+01 #xyz tv0
           0.0000000000000000e+00   3.0500000000000000e+01   0.0000000000000000e+00 #xyz tv1
           0.0000000000000000e+00   4.9999999999998601e-01   0.0000000000000000e+00 10 -1 #xyz tv2 fid bid
           0.0000000000000000e+00   4.9999999999998601e-01   0.0000000000000000e+00 #xyz ev0
           0.0000000000000000e+00   3.0500000000000000e+01   0.0000000000000000e+00 -1 6 #xyz ev1 fid bid
   0   0.000000000000e+00   0.000000000000e+00   0.000000000000e+00 #flag location
END_ERR 
G3dErrFileVersion 2018P3.1
FlagFileMetaData Begin
   Mesh Size - Setup1, Refinement, Pass #1, Freq. 5.000000e+09 :Title    
   Listing of mesh elements with small segments. :ToolTip  
   hf3d :Author   
   1738527167 :TimeStamp
FlagFileMetaData End
BEGIN_ERR 
26 Small mesh segment detected on body : Box4
 Small mesh segment detected on body : Box4 
 Segment Statistics - Number of Segments : 1 --- Segment length(s) : 15.000000mm. The cutoff frequency for S-Matrix Only Solve is 499.654096666667kHz 
3 -1  8  12  # nfids, fids[]
2 6  -1  # nbids, bids[]
      6 2 1 0 #ntets ntri ned npts
           2.9076314825466363e+02   2.0812853903978045e+01   7.3594525778471896e-16 #xyz tv0
           3.0000000000000000e+02   1.5499999999999986e+01   0.0000000000000000e+00 #xyz tv1
           3.0000000000000000e+02   2.1229621048010966e+01   1.2500000000000000e+01 #xyz tv2
           3.0000000000000000e+02   3.0500000000000000e+01   0.0000000000000000e+00 -1 6 #xyz tv3 fid bid
           2.9076314825466363e+02   2.0812853903978045e+01   7.3594525778471896e-16 #xyz tv0
           2.9538029721685814e+02   2.1005989890462299e+01  -4.2152878859701186e+00 #xyz tv1
           3.0000000000000000e+02   1.5499999999999986e+01   0.0000000000000000e+00 #xyz tv2
           3.0000000000000000e+02   3.0500000000000000e+01   0.0000000000000000e+00 -1 6 #xyz tv3 fid bid
           3.0000000000000000e+02   2.1229621048010966e+01   1.2500000000000000e+01 #xyz tv0
           3.0000000000000000e+02   1.5499999999999986e+01   0.0000000000000000e+00 #xyz tv1
           3.0590771938359870e+02   2.2027490796919494e+01   1.3381815906084629e+01 #xyz tv2
           3.0000000000000000e+02   3.0500000000000000e+01   0.0000000000000000e+00 -1 6 #xyz tv3 fid bid
           3.0000000000000000e+02   1.5499999999999986e+01   0.0000000000000000e+00 #xyz tv0
           2.9538029721685814e+02   2.1005989890462299e+01  -4.2152878859701186e+00 #xyz tv1
           3.1015533752424204e+02   1.4965601923225417e+01  -8.0526357716167229e+00 #xyz tv2
           3.0000000000000000e+02   3.0500000000000000e+01   0.0000000000000000e+00 -1 6 #xyz tv3 fid bid
           3.0590771938359870e+02   2.2027490796919494e+01   1.3381815906084629e+01 #xyz tv0
           3.0000000000000000e+02   1.5499999999999986e+01   0.0000000000000000e+00 #xyz tv1
           3.1131984648609637e+02   1.3983910094693577e+01   6.6340708491598850e+00 #xyz tv2
           3.0000000000000000e+02   3.0500000000000000e+01   0.0000000000000000e+00 -1 6 #xyz tv3 fid bid
           3.0000000000000000e+02   1.5499999999999986e+01   0.0000000000000000e+00 #xyz tv0
           3.1015533752424204e+02   1.4965601923225417e+01  -8.0526357716167229e+00 #xyz tv1
           3.1131984648609637e+02   1.3983910094693577e+01   6.6340708491598850e+00 #xyz tv2
           3.0000000000000000e+02   3.0500000000000000e+01   0.0000000000000000e+00 -1 6 #xyz tv3 fid bid
           2.9076314825466363e+02   2.0812853903978045e+01   7.3594525778471896e-16 #xyz tv0
           3.0000000000000000e+02   3.0500000000000000e+01   0.0000000000000000e+00 #xyz tv1
           3.0000000000000000e+02   1.5499999999999986e+01   0.0000000000000000e+00 8 -1 #xyz tv2 fid bid
           3.0000000000000000e+02   2.1229621048010966e+01   1.2500000000000000e+01 #xyz tv0
           3.0000000000000000e+02   1.5499999999999986e+01   0.0000000000000000e+00 #xyz tv1
           3.0000000000000000e+02   3.0500000000000000e+01   0.0000000000000000e+00 12 -1 #xyz tv2 fid bid
           3.0000000000000000e+02   3.0500000000000000e+01   0.0000000000000000e+00 #xyz ev0
           3.0000000000000000e+02   1.5499999999999986e+01   0.0000000000000000e+00 -1 6 #xyz ev1 fid bid
   0   0.000000000000e+00   0.000000000000e+00   0.000000000000e+00 #flag location
END_ERR 
G3dErrFileVersion 2018P3.1
FlagFileMetaData Begin
   Mesh Size - Setup1, Refinement, Pass #2, Freq. 5.000000e+09 :Title    
   Listing of mesh elements with small segments. :ToolTip  
   hf3d :Author   
   1738527174 :TimeStamp
FlagFileMetaData End
BEGIN_ERR 
26 Small mesh segment detected on body : Box4
 Small mesh segment detected on body : Box4 
 Segment Statistics - Number of Segments : 1 --- Segment length(s) : 12.187500mm. The cutoff frequency for S-Matrix Only Solve is 499.654096666667kHz 
3 -1  8  12  # nfids, fids[]
2 6  -1  # nbids, bids[]
      6 2 1 0 #ntets ntri ned npts
           2.9076314825466363e+02   2.0812853903978045e+01   7.3594525778471896e-16 #xyz tv0
           3.0000000000000000e+02   1.8312499999999986e+01   0.0000000000000000e+00 #xyz tv1
           3.0000000000000000e+02   2.1676436043083228e+01   1.2500000000000000e+01 #xyz tv2
           3.0000000000000000e+02   3.0500000000000000e+01   0.0000000000000000e+00 -1 6 #xyz tv3 fid bid
           2.9076314825466363e+02   2.0812853903978045e+01   7.3594525778471896e-16 #xyz tv0
           2.9538029721685814e+02   2.1005989890462299e+01  -4.2152878859701186e+00 #xyz tv1
           3.0000000000000000e+02   1.8312499999999986e+01   0.0000000000000000e+00 #xyz tv2
           3.0000000000000000e+02   3.0500000000000000e+01   0.0000000000000000e+00 -1 6 #xyz tv3 fid bid
           3.0000000000000000e+02   2.1676436043083228e+01   1.2500000000000000e+01 #xyz tv0
           3.0000000000000000e+02   1.8312499999999986e+01   0.0000000000000000e+00 #xyz tv1
           3.0590771938359870e+02   2.2027490796919494e+01   1.3381815906084629e+01 #xyz tv2
           3.0000000000000000e+02   3.0500000000000000e+01   0.0000000000000000e+00 -1 6 #xyz tv3 fid bid
           3.0000000000000000e+02   1.8312499999999986e+01   0.0000000000000000e+00 #xyz tv0
           2.9538029721685814e+02   2.1005989890462299e+01  -4.2152878859701186e+00 #xyz tv1
           3.1015533752424204e+02   1.4965601923225417e+01  -8.0526357716167229e+00 #xyz tv2
           3.0000000000000000e+02   3.0500000000000000e+01   0.0000000000000000e+00 -1 6 #xyz tv3 fid bid
           3.0590771938359870e+02   2.2027490796919494e+01   1.3381815906084629e+01 #xyz tv0
           3.0000000000000000e+02   1.8312499999999986e+01   0.0000000000000000e+00 #xyz tv1
           3.1131984648609642e+02   1.3983910094693577e+01   6.6340708491598850e+00 #xyz tv2
           3.0000000000000000e+02   3.0500000000000000e+01   0.0000000000000000e+00 -1 6 #xyz tv3 fid bid
           3.0000000000000000e+02   1.8312499999999986e+01   0.0000000000000000e+00 #xyz tv0
           3.1015533752424204e+02   1.4965601923225417e+01  -8.0526357716167229e+00 #xyz tv1
           3.1131984648609642e+02   1.3983910094693577e+01   6.6340708491598850e+00 #xyz tv2
           3.0000000000000000e+02   3.0500000000000000e+01   0.0000000000000000e+00 -1 6 #xyz tv3 fid bid
           2.9076314825466363e+02   2.0812853903978045e+01   7.3594525778471896e-16 #xyz tv0
           3.0000000000000000e+02   3.0500000000000000e+01   0.0000000000000000e+00 #xyz tv1
           3.0000000000000000e+02   1.8312499999999986e+01   0.0000000000000000e+00 8 -1 #xyz tv2 fid bid
           3.0000000000000000e+02   2.1676436043083228e+01   1.2500000000000000e+01 #xyz tv0
           3.0000000000000000e+02   1.8312499999999986e+01   0.0000000000000000e+00 #xyz tv1
           3.0000000000000000e+02   3.0500000000000000e+01   0.0000000000000000e+00 12 -1 #xyz tv2 fid bid
           3.0000000000000000e+02   3.0500000000000000e+01   0.0000000000000000e+00 #xyz ev0
           3.0000000000000000e+02   1.8312499999999986e+01   0.0000000000000000e+00 -1 6 #xyz ev1 fid bid
   0   0.000000000000e+00   0.000000000000e+00   0.000000000000e+00 #flag location
END_ERR 
G3dErrFileVersion 2018P3.1
FlagFileMetaData Begin
   Mesh Size - Setup1, Refinement, Pass #1, Freq. 5.000000e+09 :Title    
   Listing of mesh elements with small segments. :ToolTip  
   hf3d :Author   
   1738527481 :TimeStamp
FlagFileMetaData End
BEGIN_ERR 
26 Small mesh segment detected on body : Box4
 Small mesh segment detected on body : Box4 
 Segment Statistics - Number of Segments : 1 --- Segment length(s) : 4.506939mm. The cutoff frequency for S-Matrix Only Solve is 499.654096666667kHz 
3 -1  8  86  # nfids, fids[]
2 6  -1  # nbids, bids[]
      5 4 1 0 #ntets ntri ned npts
           5.0000000000000044e+00   4.9999999999997835e-01   3.9954101822182437e-14 #xyz tv0
           1.0000000000000009e+01   4.9999999999997169e-01   3.1250000000000497e+00 #xyz tv1
           7.5000000000000062e+00   4.2499999999999787e+00   3.9954101822182437e-14 #xyz tv2
           7.5000000000000071e+00   4.9999999999997485e-01   4.6613118792546176e-14 -1 6 #xyz tv3 fid bid
           5.0000000000000044e+00   4.9999999999997835e-01   3.9954101822182437e-14 #xyz tv0
           1.0000000000000009e+01   4.9999999999997169e-01   3.1250000000000497e+00 #xyz tv1
           4.7977620521621152e+00   8.4892468951107301e+00   6.8950750938781580e+00 #xyz tv2
           7.5000000000000062e+00   4.2499999999999787e+00   3.9954101822182437e-14 -1 6 #xyz tv3 fid bid
           7.5000000000000071e+00   4.9999999999997485e-01   4.6613118792546176e-14 #xyz tv0
           1.3249380042248417e+01   9.2339039626218593e+00  -5.7095725101460131e+00 #xyz tv1
           7.5000000000000062e+00   4.2499999999999787e+00   3.9954101822182437e-14 #xyz tv2
           5.0000000000000044e+00   4.9999999999997835e-01   3.9954101822182437e-14 -1 6 #xyz tv3 fid bid
           4.7977620521621152e+00   8.4892468951107301e+00   6.8950750938781580e+00 #xyz tv0
           7.5000000000000062e+00   4.2499999999999787e+00   3.9954101822182437e-14 #xyz tv1
           2.5000000000000000e+00   7.9999999999999893e+00   2.3219951239771906e-14 #xyz tv2
           5.0000000000000044e+00   4.9999999999997835e-01   3.9954101822182437e-14 -1 6 #xyz tv3 fid bid
           7.5000000000000062e+00   4.2499999999999787e+00   3.9954101822182437e-14 #xyz tv0
           1.3249380042248417e+01   9.2339039626218593e+00  -5.7095725101460131e+00 #xyz tv1
           2.5000000000000000e+00   7.9999999999999893e+00   2.3219951239771906e-14 #xyz tv2
           5.0000000000000044e+00   4.9999999999997835e-01   3.9954101822182437e-14 -1 6 #xyz tv3 fid bid
           7.5000000000000071e+00   4.9999999999997485e-01   4.6613118792546176e-14 #xyz tv0
           5.0000000000000044e+00   4.9999999999997835e-01   3.9954101822182437e-14 #xyz tv1
           7.5000000000000062e+00   4.2499999999999787e+00   3.9954101822182437e-14 8 -1 #xyz tv2 fid bid
           7.5000000000000071e+00   4.9999999999997485e-01   4.6613118792546176e-14 #xyz tv0
           5.0000000000000044e+00   4.9999999999997835e-01   3.9954101822182437e-14 #xyz tv1
           7.5000000000000062e+00   4.2499999999999787e+00   3.9954101822182437e-14 86 -1 #xyz tv2 fid bid
           2.5000000000000000e+00   7.9999999999999893e+00   2.3219951239771906e-14 #xyz tv0
           7.5000000000000062e+00   4.2499999999999787e+00   3.9954101822182437e-14 #xyz tv1
           5.0000000000000044e+00   4.9999999999997835e-01   3.9954101822182437e-14 8 -1 #xyz tv2 fid bid
           2.5000000000000000e+00   7.9999999999999893e+00   2.3219951239771906e-14 #xyz tv0
           7.5000000000000062e+00   4.2499999999999787e+00   3.9954101822182437e-14 #xyz tv1
           5.0000000000000044e+00   4.9999999999997835e-01   3.9954101822182437e-14 86 -1 #xyz tv2 fid bid
           5.0000000000000044e+00   4.9999999999997835e-01   3.9954101822182437e-14 #xyz ev0
           7.5000000000000062e+00   4.2499999999999787e+00   3.9954101822182437e-14 -1 6 #xyz ev1 fid bid
   0   0.000000000000e+00   0.000000000000e+00   0.000000000000e+00 #flag location
END_ERR 
G3dErrFileVersion 2018P3.1
FlagFileMetaData Begin
   Mesh Size - Setup1, Refinement, Pass #2, Freq. 5.000000e+09 :Title    
   Listing of mesh elements with small segments. :ToolTip  
   hf3d :Author   
   1738527485 :TimeStamp
FlagFileMetaData End
BEGIN_ERR 
26 Small mesh segment detected on body : Box4
 Small mesh segment detected on body : Box4 
 Segment Statistics - Number of Segments : 1 --- Segment length(s) : 4.506939mm. The cutoff frequency for S-Matrix Only Solve is 499.654096666667kHz 
3 -1  8  86  # nfids, fids[]
2 6  -1  # nbids, bids[]
      5 4 1 0 #ntets ntri ned npts
          -2.5000000000000009e+00   4.2499999999999893e+00   1.9977050911091218e-14 #xyz tv0
          -5.0000000000000044e+00   4.9999999999999273e-01   1.3318033940727482e-14 #xyz tv1
          -1.0000000000000009e+01   5.0000000000000100e-01   6.2500000000000000e+00 #xyz tv2
           2.0932414988100314e+00   4.9999999999998340e-01   5.7589045817980260e+00 -1 6 #xyz tv3 fid bid
          -2.5000000000000009e+00   4.2499999999999893e+00   1.9977050911091218e-14 #xyz tv0
          -5.0000000000000044e+00   4.9999999999999273e-01   1.3318033940727482e-14 #xyz tv1
           2.0932414988100314e+00   4.9999999999998340e-01   5.7589045817980260e+00 #xyz tv2
           0.0000000000000000e+00   4.9999999999998557e-01   2.6636067881454964e-14 -1 6 #xyz tv3 fid bid
          -2.5000000000000009e+00   4.2499999999999893e+00   1.9977050911091218e-14 #xyz tv0
          -1.0000000000000009e+01   5.0000000000000100e-01   6.2500000000000000e+00 #xyz tv1
          -5.0000000000000044e+00   4.9999999999999273e-01   1.3318033940727482e-14 #xyz tv2
          -6.2500000000000000e+00   2.3750000000000000e+00   1.6560934269408100e-14 -1 6 #xyz tv3 fid bid
          -5.0000000000000044e+00   4.9999999999999273e-01   1.3318033940727482e-14 #xyz tv0
           1.3249380042248417e+01   9.2339039626218593e+00  -5.7095725101460140e+00 #xyz tv1
           0.0000000000000000e+00   4.9999999999998557e-01   2.6636067881454964e-14 #xyz tv2
          -2.5000000000000009e+00   4.2499999999999893e+00   1.9977050911091218e-14 -1 6 #xyz tv3 fid bid
          -5.0000000000000044e+00   4.9999999999999273e-01   1.3318033940727482e-14 #xyz tv0
          -6.2500000000000000e+00   2.3750000000000000e+00   1.6560934269408100e-14 #xyz tv1
           1.3249380042248417e+01   9.2339039626218593e+00  -5.7095725101460140e+00 #xyz tv2
          -2.5000000000000009e+00   4.2499999999999893e+00   1.9977050911091218e-14 -1 6 #xyz tv3 fid bid
          -2.5000000000000009e+00   4.2499999999999893e+00   1.9977050911091218e-14 #xyz tv0
           0.0000000000000000e+00   4.9999999999998557e-01   2.6636067881454964e-14 #xyz tv1
          -5.0000000000000044e+00   4.9999999999999273e-01   1.3318033940727482e-14 8 -1 #xyz tv2 fid bid
          -2.5000000000000009e+00   4.2499999999999893e+00   1.9977050911091218e-14 #xyz tv0
           0.0000000000000000e+00   4.9999999999998557e-01   2.6636067881454964e-14 #xyz tv1
          -5.0000000000000044e+00   4.9999999999999273e-01   1.3318033940727482e-14 86 -1 #xyz tv2 fid bid
          -6.2500000000000000e+00   2.3750000000000000e+00   1.6560934269408100e-14 #xyz tv0
          -2.5000000000000009e+00   4.2499999999999893e+00   1.9977050911091218e-14 #xyz tv1
          -5.0000000000000044e+00   4.9999999999999273e-01   1.3318033940727482e-14 8 -1 #xyz tv2 fid bid
          -6.2500000000000000e+00   2.3750000000000000e+00   1.6560934269408100e-14 #xyz tv0
          -2.5000000000000009e+00   4.2499999999999893e+00   1.9977050911091218e-14 #xyz tv1
          -5.0000000000000044e+00   4.9999999999999273e-01   1.3318033940727482e-14 86 -1 #xyz tv2 fid bid
          -5.0000000000000044e+00   4.9999999999999273e-01   1.3318033940727482e-14 #xyz ev0
          -2.5000000000000009e+00   4.2499999999999893e+00   1.9977050911091218e-14 -1 6 #xyz ev1 fid bid
   0   0.000000000000e+00   0.000000000000e+00   0.000000000000e+00 #flag location
END_ERR 
G3dErrFileVersion 2018P3.1
FlagFileMetaData Begin
   Mesh Size - Setup1, Refinement, Pass #3, Freq. 5.000000e+09 :Title    
   Listing of mesh elements with small segments. :ToolTip  
   hf3d :Author   
   1738527490 :TimeStamp
FlagFileMetaData End
BEGIN_ERR 
26 Small mesh segment detected on body : Box4
 Small mesh segment detected on body : Box4 
 Segment Statistics - Number of Segments : 1 --- Segment length(s) : 4.506939mm. The cutoff frequency for S-Matrix Only Solve is 499.654096666667kHz 
3 -1  8  86  # nfids, fids[]
2 6  -1  # nbids, bids[]
      4 4 1 0 #ntets ntri ned npts
          -5.0000000000000044e+00   4.9999999999999273e-01   1.3318033940727482e-14 #xyz tv0
           0.0000000000000000e+00   4.9999999999998557e-01   2.6636067881454964e-14 #xyz tv1
          -1.1094706974746809e+00   4.6858496566367247e+00   3.7314090362659460e+00 #xyz tv2
          -2.5000000000000009e+00   4.2499999999999893e+00   1.9977050911091218e-14 -1 6 #xyz tv3 fid bid
          -5.0000000000000044e+00   4.9999999999999273e-01   1.3318033940727482e-14 #xyz tv0
           1.3249380042248417e+01   9.2339039626218593e+00  -5.7095725101460140e+00 #xyz tv1
           0.0000000000000000e+00   4.9999999999998557e-01   2.6636067881454964e-14 #xyz tv2
          -2.5000000000000009e+00   4.2499999999999893e+00   1.9977050911091218e-14 -1 6 #xyz tv3 fid bid
          -6.2500000000000000e+00   2.3750000000000000e+00   1.6560934269408100e-14 #xyz tv0
          -5.0000000000000044e+00   4.9999999999999273e-01   1.3318033940727482e-14 #xyz tv1
          -1.1094706974746809e+00   4.6858496566367247e+00   3.7314090362659460e+00 #xyz tv2
          -2.5000000000000009e+00   4.2499999999999893e+00   1.9977050911091218e-14 -1 6 #xyz tv3 fid bid
          -5.0000000000000044e+00   4.9999999999999273e-01   1.3318033940727482e-14 #xyz tv0
          -6.2500000000000000e+00   2.3750000000000000e+00   1.6560934269408100e-14 #xyz tv1
           1.3249380042248417e+01   9.2339039626218593e+00  -5.7095725101460140e+00 #xyz tv2
          -2.5000000000000009e+00   4.2499999999999893e+00   1.9977050911091218e-14 -1 6 #xyz tv3 fid bid
          -2.5000000000000009e+00   4.2499999999999893e+00   1.9977050911091218e-14 #xyz tv0
           0.0000000000000000e+00   4.9999999999998557e-01   2.6636067881454964e-14 #xyz tv1
          -5.0000000000000044e+00   4.9999999999999273e-01   1.3318033940727482e-14 8 -1 #xyz tv2 fid bid
          -2.5000000000000009e+00   4.2499999999999893e+00   1.9977050911091218e-14 #xyz tv0
           0.0000000000000000e+00   4.9999999999998557e-01   2.6636067881454964e-14 #xyz tv1
          -5.0000000000000044e+00   4.9999999999999273e-01   1.3318033940727482e-14 86 -1 #xyz tv2 fid bid
          -6.2500000000000000e+00   2.3750000000000000e+00   1.6560934269408100e-14 #xyz tv0
          -2.5000000000000009e+00   4.2499999999999893e+00   1.9977050911091218e-14 #xyz tv1
          -5.0000000000000044e+00   4.9999999999999273e-01   1.3318033940727482e-14 8 -1 #xyz tv2 fid bid
          -6.2500000000000000e+00   2.3750000000000000e+00   1.6560934269408100e-14 #xyz tv0
          -2.5000000000000009e+00   4.2499999999999893e+00   1.9977050911091218e-14 #xyz tv1
          -5.0000000000000044e+00   4.9999999999999273e-01   1.3318033940727482e-14 86 -1 #xyz tv2 fid bid
          -5.0000000000000044e+00   4.9999999999999273e-01   1.3318033940727482e-14 #xyz ev0
          -2.5000000000000009e+00   4.2499999999999893e+00   1.9977050911091218e-14 -1 6 #xyz ev1 fid bid
   0   0.000000000000e+00   0.000000000000e+00   0.000000000000e+00 #flag location
END_ERR 
G3dErrFileVersion 2018P3.1
FlagFileMetaData Begin
   Mesh Size - Setup1, Refinement, Pass #1, Freq. 5.000000e+09 :Title    
   Listing of mesh elements with small segments. :ToolTip  
   hf3d :Author   
   1738538517 :TimeStamp
FlagFileMetaData End
BEGIN_ERR 
26 Small mesh segment detected on body : Box4
 Small mesh segment detected on body : Box4 
 Segment Statistics - Number of Segments : 1 --- Segment length(s) : 4.455071mm. The cutoff frequency for S-Matrix Only Solve is 499.654096666667kHz 
3 -1  8  110  # nfids, fids[]
2 6  -1  # nbids, bids[]
      4 4 1 0 #ntets ntri ned npts
           0.0000000000000000e+00   4.9999999999998757e-01   1.2500000000000021e+01 #xyz tv0
           5.0000000000000044e+00   4.9999999999997835e-01   3.9954101822182437e-14 #xyz tv1
           2.5000000000000009e+00   4.1874999999999858e+00   2.6636067881454961e-14 #xyz tv2
